#Input	data/reads/mmus_CEBPA_s_reads.bed
#Reference	data/reads/mmus_Input_s_reads.bed
#Sequence length	32
#Fragment length	32
#Background	0.000000
#Position Background	1.315142
#Long Background	6.575710
#Threshold	5.000000
#Minimum count above bg	527
#Penalty increase	70
#Quality cutoff	0.000000
#Result cutoff	0.000000
#Penalty factor	2.740832
#Region	Start pos.	End pos.	Count	Length	Unique pos.	Score	Ref. count	Max. Coverage	Summit
chr1	8862954	8863208	610	255	200	307.185706	3	184.000000	8863090
chr1	9611720	9611982	633	263	213	329.202207	0	194.000000	9611844
chr1	21310404	21310630	591	227	181	338.492744	0	157.000000	21310458
chr1	21316827	21317084	565	258	203	263.611395	2	137.000000	21316927.5
chr1	23003562	23003832	713	271	217	394.625098	1	226.259168	23003681.5
chr1	40285977	40286210	532	234	181	262.285350	1	128.000000	40286093.5
chr1	50739788	50740092	728	305	247	366.225413	1	194.000000	50739920
chr1	51797760	51798007	544	248	193	258.614195	0	130.000000	51797852
chr1	54580593	54580915	1020	323	275	633.237716	1	281.000000	54580765
chr1	54609525	54609794	567	270	204	252.681072	0	143.000000	54609663
chr1	58158430	58158741	678	312	243	302.963446	2	156.518336	58158558
chr1	58458358	58458587	551	230	182	295.862460	0	127.000000	58458493.5
chr1	60619971	60620208	569	238	189	296.765614	0	200.000000	60620115
chr1	60655856	60656136	595	281	216	266.214510	0	149.000000	60656011
chr1	62771735	62772170	682	436	308	155.722120	2	102.000000	62772042
chr1	64799687	64799944	644	258	207	337.240280	3	171.000000	64799814
chr1	65137032	65137308	828	277	233	501.734246	1	291.000000	65137156
chr1	66947626	66947928	974	303	260	616.281387	0	264.000000	66947774
chr1	67150581	67150848	782	268	229	470.311355	0	159.000000	67150757
chr1	67163112	67163429	792	318	268	414.554257	0	135.000000	67163225
chr1	67169350	67169610	609	261	206	303.776517	1	169.000000	67169486
chr1	69020311	69020613	683	303	243	325.281387	0	167.000000	69020437
chr1	71959130	71959385	668	256	213	372.093059	0	133.000000	71959232
chr1	71985224	71985472	552	249	197	259.817389	2	138.000000	71985355
chr1	72335144	72335417	758	274	231	435.679672	1	180.000000	72335293
chr1	75165557	75165832	745	276	219	431.775118	2	225.000000	75165646
chr1	82180710	82180962	543	253	187	248.297653	1	170.000000	82180849
chr1	82290768	82291066	729	299	242	376.541955	0	199.000000	82290915
chr1	84275595	84275856	797	262	224	493.202207	0	193.000000	84275771
chr1	88776183	88776468	716	286	235	381.843394	1	194.000000	88776360
chr1	90110181	90110524	1150	344	291	716.433913	8	360.259168	90110348
chr1	90121021	90121272	722	252	201	409.426973	8	234.259168	90121233.5
chr1	90175639	90176009	1374	371	327	918.983852	5	440.000000	90175826
chr1	90180831	90181058	566	228	186	277.249548	11	153.777505	90180926
chr1	91412427	91412673	564	247	193	271.706841	3	128.000000	91412550
chr1	92131258	92131537	750	280	229	417.047988	2	186.000000	92131365
chr1	100689984	100690246	626	263	208	318.146234	1	176.000000	100690121
chr1	120231721	120231972	551	252	201	260.353627	0	146.000000	120231795
chr1	121563547	121563857	1034	311	266	663.019419	1	253.000000	121563728
chr1	128942340	128942547	576	208	169	345.165299	0	157.000000	128942447.5
chr1	129629076	129629367	617	292	226	271.305757	4	140.000000	129629230
chr1	132575233	132575565	748	333	269	345.345465	2	148.000000	132575372
chr1	135582389	135582730	677	342	265	275.771154	1	135.000000	135582622
chr1	138595148	138595414	573	267	212	265.777917	0	132.000000	138595285
chr1	140407204	140407487	599	284	216	263.528252	1	171.259168	140407339
chr1	140808913	140809198	634	286	233	295.897968	1	139.000000	140809084.5
chr1	141755248	141755510	540	263	207	234.887065	0	129.000000	141755384
chr1	145794067	145794332	670	266	222	360.941639	0	148.000000	145794198.5
chr1	154291817	154292099	545	283	210	206.676873	3	111.000000	154291926
chr1	158587701	158587992	642	292	226	287.784621	4	148.000000	158587804
chr1	162304690	162304981	670	292	230	324.007117	1	136.000000	162304871
chr1	163198275	163198549	756	275	229	432.364530	1	188.000000	163198373
chr1	164794418	164794672	565	255	193	270.187105	2	151.000000	164794538
chr1	166083059	166083325	704	267	219	385.404002	3	184.259168	166083193
chr1	166345398	166345772	707	375	291	254.591166	0	135.000000	166345544
chr1	167414840	167415129	803	290	241	460.841995	2	154.000000	167415006
chr1	170296407	170296655	574	249	193	281.817389	2	133.259168	170296534
chr1	173383133	173383366	531	234	188	261.285350	1	115.000000	173383329
chr1	178756392	178756666	688	275	224	364.364530	1	151.000000	178756501
chr1	181491200	181491517	764	318	256	386.554257	0	175.000000	181491340
chr1	188609305	188609538	573	234	180	308.656466	0	179.000000	188609460
chr1	189308714	189308993	709	280	227	376.047988	2	159.000000	189308828
chr10	8593526	8593826	559	301	228	201.170839	1	98.000000	8593715
chr10	10168933	10169220	1004	288	251	666.008516	0	307.000000	10169076
chr10	10299738	10299977	549	240	192	268.653667	2	168.000000	10299857
chr10	17127678	17127949	649	272	219	328.365930	2	187.000000	17127809
chr10	21014103	21014334	530	232	183	262.915634	1	138.000000	21014201
chr10	23571082	23571332	543	251	194	250.927937	1	121.000000	23571225
chr10	39679915	39680181	643	267	210	322.978312	4	161.000000	39680039
chr10	39797473	39797762	663	290	219	339.420504	0	175.000000	39797601
chr10	40232034	40232311	723	278	226	396.734246	1	172.000000	40232168
chr10	50483827	50484095	754	269	223	438.255382	1	219.000000	50483953
chr10	53102530	53102811	661	282	226	330.899368	0	172.000000	53102696
chr10	53127298	53127597	991	300	257	642.487381	0	293.000000	53127466
chr10	66488397	66488647	545	251	186	276.711040	0	147.000000	66488497
chr10	67520614	67520987	937	374	304	480.424644	2	173.000000	67520744
chr10	67587771	67588054	727	284	233	388.787421	2	224.000000	67587920
chr10	67907180	67907461	694	282	227	357.567725	4	204.000000	67907314
chr10	68751593	68751846	644	254	201	341.705442	4	151.000000	68751689
chr10	68762779	68763062	793	284	237	454.787421	2	231.000000	68762899.5
chr10	74508632	74508901	581	270	205	261.199408	2	150.000000	74508768
chr10	82221673	82221973	772	301	244	419.541955	0	182.000000	82221844
chr10	84652717	84653052	818	336	258	432.331762	3	202.000000	84652928
chr10	86349259	86349509	562	251	198	272.668769	0	152.000000	86349392.5
chr10	89099756	89100024	663	269	211	347.255382	1	175.000000	89099906
chr10	90120589	90120834	656	246	193	367.762815	2	193.000000	90120721
chr10	91608997	91609255	550	259	202	244.665970	2	128.000000	91609065
chr10	92951209	92951538	869	330	276	473.031722	1	198.000000	92951403
chr10	93560881	93561223	1138	343	297	724.934877	1	283.000000	93561054
chr10	94848390	94848645	567	256	194	271.093059	0	150.000000	94848526
chr10	96386800	96387050	668	251	206	375.927937	1	183.000000	96386923
chr10	98674210	98674493	640	284	224	304.528252	1	193.000000	98674325
chr10	99065073	99065326	558	254	199	264.723343	0	159.000000	99065200
chr10	106752384	106752611	545	228	184	277.694539	3	138.259168	106752494
chr10	111139625	111139900	654	276	221	329.049388	1	172.259168	111139783.5
chr10	114700303	114700554	643	252	204	344.131132	3	157.259168	114700504
chr10	116849748	116850030	790	283	238	450.361731	3	194.000000	116849914
chr10	121763972	121764250	625	279	215	296.103962	1	192.000000	121764105
chr10	121823760	121824048	588	289	219	249.897968	1	126.000000	121823907
chr10	127374112	127374383	612	272	219	292.309956	1	146.000000	127374251
chr10	127382730	127382987	542	258	203	240.721943	1	173.000000	127382843
chr11	5402441	5402718	783	278	220	458.159936	0	234.000000	5402585
chr11	5819624	5819890	527	267	202	216.626497	0	123.000000	5819766
chr11	7092728	7093034	574	307	233	212.513150	3	109.000000	7092854
chr11	14095173	14095433	579	261	196	296.244479	1	176.000000	14095285
chr11	20979815	20980088	656	274	214	336.420504	0	154.000000	20979967.5
chr11	21302954	21303255	810	302	248	453.596529	0	185.000000	21303123.5
chr11	22273300	22273550	655	251	206	362.927937	1	150.000000	22273446
chr11	27760121	27760380	619	260	206	317.832491	0	190.000000	27760223.5
chr11	27798705	27798992	685	288	236	347.008516	0	182.000000	27798837
chr11	29708453	29708722	591	270	203	284.461375	1	167.000000	29708586
chr11	36957573	36957861	554	289	217	214.693374	0	117.000000	36957749
chr11	36963533	36963827	708	295	239	360.802523	0	154.000000	36963677
chr11	43164885	43165144	805	260	222	501.091659	1	213.000000	43165040
chr11	50456099	50456409	676	311	240	305.019419	1	124.000000	50456224
chr11	51571214	51571492	625	279	213	303.994814	1	154.000000	51571381
chr11	53122410	53122675	566	266	205	251.459976	2	132.259168	53122556
chr11	57909086	57909394	758	309	249	399.116265	1	204.259168	57909178
chr11	67043512	67043801	808	290	242	464.637401	1	199.000000	67043657
chr11	70826351	70826681	593	331	251	190.234917	3	120.000000	70826499
chr11	80003831	80004116	841	286	244	505.638800	0	218.000000	80003954
chr11	83561309	83561611	833	303	248	472.540555	1	185.000000	83561418
chr11	86417277	86417577	873	301	252	515.170839	1	257.259168	86417450
chr11	88745735	88746002	683	268	219	371.200808	1	204.000000	88745861
chr11	89993928	89994191	566	264	201	271.820188	0	121.000000	89994010.5
chr11	90120510	90120805	760	296	231	416.747948	0	222.000000	90120628
chr11	100799488	100799831	774	344	264	375.511986	0	155.000000	100799703
chr11	106354667	106354921	651	255	209	356.408201	0	178.000000	106354803
chr11	109567396	109567653	656	258	200	351.981112	2	160.000000	109567609
chr12	7956942	7957239	602	298	225	247.784621	4	117.000000	7957092
chr12	8439681	8440022	1259	342	304	847.250019	1	322.000000	8439827
chr12	8836619	8836890	764	272	217	447.050788	0	193.000000	8836779
chr12	15660084	15660666	1553	583	500	822.764569	3	241.000000	15660496
chr12	16049133	16049473	1072	341	296	661.565161	1	254.000000	16049273
chr12	26501181	26501416	555	236	187	277.173403	3	129.000000	26501304
chr12	27001153	27001433	582	281	223	250.473678	1	129.000000	27001366.5
chr12	27145122	27145385	560	264	193	250.831092	1	155.000000	27145252
chr12	35674295	35674566	614	272	215	294.309956	1	121.000000	35674425
chr12	42710253	42710497	538	245	190	253.818789	1	152.000000	42710355
chr12	52374553	52374831	659	279	219	330.103962	1	142.259168	52374644
chr12	58545468	58545703	629	236	183	367.286750	0	175.000000	58545504
chr12	58998801	58999045	554	245	186	269.818789	1	160.000000	58998923.5
chr12	60231192	60231465	624	274	193	330.449073	2	164.259168	60231351.5
chr12	71334644	71334909	703	266	218	393.146234	1	158.000000	71334779.5
chr12	72506352	72506621	597	270	205	276.088860	3	209.000000	72506475
chr12	73037558	73037845	786	288	236	439.786021	3	216.259168	73037677
chr12	73591022	73591331	826	310	255	459.075393	0	161.000000	73591228
chr12	74582193	74582472	676	280	230	351.159936	0	166.000000	74582325
chr12	76573976	76574359	787	384	305	321.329198	1	139.000000	76574066
chr12	76587957	76588200	591	244	193	312.189904	0	156.000000	76588104
chr12	76767922	76768201	608	280	220	280.529652	0	151.000000	76768069
chr12	77016737	77017028	860	292	245	518.063090	0	209.000000	77016853
chr12	79307246	79307576	898	331	280	503.346864	1	179.000000	79307486
chr12	82213393	82213636	586	244	198	305.874763	0	134.000000	82213481
chr12	82290741	82290995	585	255	201	284.926537	2	144.000000	82290857.5
chr12	86288898	86289163	612	266	206	319.927937	1	135.000000	86289040
chr12	86494066	86494346	789	281	236	460.214510	0	214.000000	86494192
chr12	88495456	88495757	755	302	248	393.114865	2	219.000000	88495552
chr12	88734419	88734689	601	271	213	283.829692	2	142.000000	88734532
chr12	94550699	94550978	861	280	238	530.788820	1	224.000000	94550818
chr12	100472655	100472901	536	247	194	251.929337	0	118.000000	100472771
chr12	100673454	100673746	925	293	253	577.691975	1	270.000000	100673600
chr12	104972406	104972687	681	282	229	348.158536	1	159.000000	104972564
chr12	105007848	105008094	587	247	199	300.188505	1	149.000000	105007994
chr12	105062104	105062375	644	272	215	320.143434	3	176.000000	105062240.5
chr12	105097860	105098128	629	269	211	313.255382	1	149.000000	105098009
chr12	105139219	105139478	644	260	211	340.091659	1	161.259168	105139360
chr12	105281041	105281324	696	284	229	364.105362	1	128.000000	105281162
chr12	111037110	111037386	791	277	229	459.252583	3	203.000000	111037240
chr12	111297636	111297908	669	273	219	351.940240	1	168.000000	111297791
chr12	113334501	113334749	661	249	202	374.299053	0	205.000000	113334600
chr12	113867609	113867916	640	308	232	270.224014	2	143.000000	113867804
chr12	118963540	118963797	550	258	194	248.721943	1	164.000000	118963668
chr13	9577748	9578003	602	256	199	303.352227	1	167.000000	9577901
chr13	13556289	13556555	539	267	195	228.626497	0	105.000000	13556427
chr13	13681372	13681620	644	249	207	353.132531	2	183.000000	13681484
chr13	23960624	23960932	860	309	261	494.390535	0	196.000000	23960763
chr13	24883267	24883510	682	244	203	399.133931	1	180.000000	24883382
chr13	28620835	28621115	778	281	232	449.214510	0	205.000000	28620971
chr13	31573364	31573690	1008	327	277	615.977148	1	226.000000	31573571
chr13	34382216	34382496	747	281	229	409.992015	3	191.000000	34382346
chr13	36712853	36713151	868	299	253	517.487381	0	155.000000	36713052.5
chr13	38214259	38214533	558	275	211	250.093059	0	131.000000	38214403
chr13	38588619	38588889	543	271	202	227.365930	0	150.000000	38588767
chr13	40413163	40413454	943	292	243	600.582826	1	281.000000	40413309
chr13	41101731	41101995	643	265	209	335.146234	1	194.000000	41101871
chr13	42819440	42819685	581	246	192	290.021983	3	146.000000	42819551.5
chr13	46333055	46333372	975	318	267	606.649703	1	227.000000	46333179
chr13	52121028	52121285	562	258	201	260.611395	2	190.000000	52121148
chr13	52275414	52275667	590	254	193	296.723343	0	164.000000	52275563
chr13	52918199	52918455	753	257	219	450.296254	2	228.000000	52918329
chr13	54730541	54730850	769	310	255	399.334561	1	177.259168	54730731
chr13	55462608	55462868	572	261	197	266.776517	1	150.259168	55462732
chr13	60609574	60609843	751	270	222	436.681072	0	220.000000	60609688
chr13	60761401	60761666	650	266	214	340.941639	0	136.000000	60761543
chr13	64282196	64282484	602	289	222	259.952543	1	123.000000	64282346
chr13	81350510	81350773	619	264	208	309.831092	1	137.000000	81350650
chr13	89705980	89706226	592	247	197	302.447673	2	141.259168	89706114.5
chr13	97512867	97513199	1037	333	282	637.180343	3	276.259168	97513064
chr13	99309312	99309573	686	262	213	376.720544	2	215.000000	99309451
chr13	102294276	102294542	683	267	226	367.144834	2	180.000000	102294431
chr13	103642911	103643213	845	303	254	486.485981	1	177.000000	103643055
chr14	9091793	9092081	618	289	221	278.843394	3	182.000000	9091923
chr14	18678351	18678700	956	350	295	536.469715	0	198.000000	18678546
chr14	26001062	26001343	571	282	209	242.103962	1	141.000000	26001224
chr14	26610479	26610758	704	280	227	373.788820	1	227.000000	26610629
chr14	29462639	29462901	648	263	216	345.517349	0	186.000000	29462760
chr14	31682493	31682738	583	246	195	292.021983	3	160.000000	31682585
chr14	32454665	32454910	619	246	198	333.503647	1	186.000000	32454824
chr14	46038321	46038548	551	228	185	293.751912	1	145.000000	46038408
chr14	47235782	47236085	646	304	247	286.966245	0	129.000000	47235917
chr14	48182227	48182520	848	294	251	499.376833	1	210.000000	48182403
chr14	51515866	51516124	645	259	212	345.147633	0	178.000000	51515996
chr14	55081053	55081318	659	266	214	349.941639	0	211.000000	55081183
chr14	56340128	56340375	538	248	195	249.873363	1	124.000000	56340268
chr14	61642920	61643207	559	288	216	218.404002	3	178.000000	61643093.5
chr14	61977149	61977404	615	256	205	319.093059	0	138.000000	61977273
chr14	65470494	65470751	592	258	214	290.721943	1	142.000000	65470623
chr14	65999332	65999578	574	247	195	281.706841	3	122.000000	65999424.5
chr14	66392083	66392382	588	300	224	228.745149	2	159.259168	66392259
chr14	69891775	69892023	625	249	190	343.968809	2	182.000000	69891892
chr14	72963810	72964081	721	272	219	405.681072	0	197.000000	72963939
chr14	73562256	73562566	833	311	251	470.116265	1	213.000000	73562357
chr14	73809928	73810265	1078	338	295	668.769755	2	248.000000	73810082
chr14	76192997	76193293	716	297	239	371.432806	0	167.000000	76193130
chr14	77275367	77275614	662	248	200	378.559621	0	162.000000	77275426
chr14	78909688	78909942	537	255	200	236.926537	2	142.000000	78909803.5
chr14	80033033	80033329	559	297	227	203.690575	2	99.000000	80033105.5
chr14	105699760	105700050	953	291	250	608.322259	1	302.000000	105699913.5
chr15	3201023	3201257	593	235	189	324.711040	0	171.000000	3201157
chr15	8363439	8363701	655	263	209	347.146234	1	192.000000	8363567
chr15	9206756	9207018	695	263	212	389.887065	0	178.000000	9206877
chr15	18882101	18882350	542	250	196	251.243079	1	146.000000	18882229
chr15	27911901	27912151	546	251	192	256.668769	0	167.000000	27912033
chr15	28304188	28304446	703	259	213	397.665970	2	176.518336	28304354
chr15	31513461	31513708	578	248	199	292.614195	0	166.000000	31513571
chr15	32894559	32894823	576	265	203	270.887065	0	133.000000	32894677
chr15	36324709	36325052	1092	344	296	680.360567	0	339.000000	36324894
chr15	38981788	38982074	665	287	227	337.529652	0	168.000000	38981928
chr15	42460220	42460528	764	309	251	398.390535	0	193.000000	42460383
chr15	54403930	54404218	825	289	240	485.693374	0	197.000000	54404064
chr15	57721007	57721280	541	274	212	221.420504	0	115.000000	57721098
chr15	57812368	57812615	624	248	197	330.391699	3	211.000000	57812493
chr15	59485380	59485669	772	290	235	444.529652	0	183.000000	59485492
chr15	59615913	59616133	653	221	178	397.641364	2	189.000000	59615955
chr15	59618317	59618589	547	273	208	228.514550	2	123.259168	59618425
chr15	61815056	61815301	820	246	212	537.244479	0	308.000000	61815161
chr15	62048566	62048830	678	265	209	370.256781	0	174.000000	62048653
chr15	62181595	62181852	578	258	195	276.611395	2	144.000000	62181791
chr15	65934950	65935235	796	286	241	457.897968	1	187.000000	65935057
chr15	67255572	67255880	595	309	234	229.279987	1	107.000000	67255763
chr15	73448094	73448350	542	257	196	244.777917	0	134.000000	73448211
chr15	76954846	76955177	941	332	290	545.142270	0	177.000000	76955018
chr15	76991352	76991621	640	270	218	322.940240	1	164.000000	76991471
chr15	78199504	78199766	706	263	215	395.405402	2	190.000000	78199629
chr15	78670672	78670983	900	312	258	522.222614	3	209.000000	78670849
chr15	81169650	81169915	830	266	224	527.517349	0	253.000000	81169820
chr15	88749902	88750184	568	283	218	236.584226	0	158.000000	88750066
chr15	91009174	91009447	629	274	222	309.420504	0	154.000000	91009295
chr15	91113280	91113681	713	402	296	239.217251	3	125.518336	91113558
chr15	96377721	96377976	542	256	195	246.093059	0	123.000000	96377811
chr15	96632880	96633144	591	265	206	283.256781	0	192.000000	96633017
chr15	97060195	97060475	566	281	214	226.251183	4	134.000000	97060354
chr15	97107027	97107284	541	258	197	246.408201	0	153.000000	97107164
chr16	6366862	6367119	553	258	201	253.037085	1	167.000000	6366988
chr16	16073481	16073726	567	246	194	281.503647	1	153.000000	16073618.5
chr16	20724345	20724598	551	254	193	257.723343	0	199.000000	20724469
chr16	23029110	23029424	897	315	265	518.018020	2	254.000000	23029277
chr16	23058091	23058382	763	292	240	419.747948	0	194.000000	23058203
chr16	23144506	23144789	726	284	226	390.528252	1	195.000000	23144681
chr16	24199923	24200191	606	269	213	290.255382	1	136.000000	24200048
chr16	29944045	29944320	632	276	225	307.049388	1	159.000000	29944195
chr16	33951065	33951401	1068	337	284	667.087696	0	250.000000	33951264
chr16	34825291	34825568	715	278	227	387.419104	1	207.000000	34825438
chr16	35046503	35046771	869	269	229	553.255382	1	202.000000	35046640
chr16	35075782	35076061	737	280	228	407.993414	2	177.000000	35075950.5
chr16	35932758	35933072	795	315	259	416.018020	2	196.000000	35932923
chr16	37580115	37580372	642	258	208	343.462775	0	201.000000	37580195
chr16	38285968	38286229	582	262	206	272.720544	2	188.259168	38286092
chr16	43398127	43398370	603	244	192	321.449073	1	158.000000	43398237
chr16	49896287	49896541	594	255	208	293.926537	2	155.000000	49896421
chr16	52129513	52129770	541	258	192	242.462775	0	126.000000	52129580.5
chr16	78308091	78308348	628	258	208	326.721943	1	170.259168	78308224
chr16	87611787	87612190	1148	404	339	649.229554	3	228.000000	87612058.5
chr16	90197028	90197293	659	266	217	347.200808	1	155.000000	90197195
chr16	91522848	91523106	654	259	207	348.665970	2	147.000000	91522978
chr16	91678776	91679098	919	323	266	536.183142	1	209.000000	91678935
chr16	91727677	91727978	875	302	253	507.633202	4	275.259168	91727854
chr16	92609842	92610100	577	259	197	274.406801	1	134.259168	92609976
chr17	5206802	5207064	678	263	214	370.146234	1	214.000000	5206940
chr17	13117978	13118268	743	291	232	398.322259	1	184.000000	13118093
chr17	24349291	24349560	570	270	210	250.199408	2	150.000000	24349430
chr17	24358071	24358473	680	403	266	229.632038	1	136.000000	24358191
chr17	24984376	24984679	649	304	236	291.281387	0	142.000000	24984515
chr17	26649412	26649696	645	285	230	305.992015	3	182.000000	26649554
chr17	26708397	26708644	703	248	207	414.873363	1	194.000000	26708545
chr17	28168283	28168525	547	243	190	262.708241	2	156.000000	28168439
chr17	28575708	28575979	536	272	205	219.050788	0	119.000000	28575852
chr17	33886435	33886698	609	264	204	299.831092	1	206.000000	33886567
chr17	34864879	34865162	789	284	238	450.787421	2	198.000000	34865019
chr17	34945602	34945890	832	289	238	488.305757	4	216.000000	34945736
chr17	39984597	39984952	1539	356	324	500.901548	223	1382.552552	39984779
chr17	40943404	40943677	585	274	224	262.679672	1	148.000000	40943531
chr17	45271004	45271252	548	249	194	255.817389	2	132.000000	45271139
chr17	45745380	45745710	1230	331	294	829.975748	2	385.000000	45745516
chr17	49508190	49508470	725	281	225	394.678272	2	148.000000	49508280
chr17	56359294	56359558	578	265	209	272.665970	2	135.000000	56359414
chr17	71649751	71650024	742	274	228	419.679672	1	184.000000	71649924
chr17	74299495	74299779	681	285	227	338.731447	3	140.000000	74299620
chr17	79469486	79469725	585	240	193	312.765614	0	179.000000	79469589
chr17	80394626	80394943	672	318	250	289.072594	2	118.000000	80394685.5
chr17	80960136	80960434	732	299	239	372.634601	3	220.000000	80960279
chr17	84235472	84235735	660	264	212	337.126933	6	144.000000	84235594
chr17	84667974	84668252	683	279	226	356.844794	0	161.000000	84668132
chr17	85131936	85132198	582	263	206	274.146234	1	128.259168	85132098
chr17	87175951	87176254	910	304	255	547.114865	2	219.259168	87176080
chr18	4644474	4644721	532	248	195	246.614195	0	176.000000	4644582
chr18	4969681	4969991	716	311	232	379.417705	2	198.518336	4969836
chr18	12961164	12961435	651	272	218	334.050788	0	149.000000	12961321
chr18	21089957	21090223	669	267	215	344.922339	5	174.259168	21090080
chr18	21304167	21304419	561	253	195	274.188505	1	137.000000	21304253
chr18	32717194	32717501	931	308	266	561.224014	2	219.000000	32717326
chr18	38871454	38871708	538	255	196	243.408201	0	129.000000	38871547
chr18	39601995	39602268	598	274	217	272.938840	2	165.000000	39602171
chr18	43246241	43246522	798	282	231	459.676873	3	221.000000	43246398
chr18	44715525	44715862	960	338	278	556.140870	1	241.000000	44715693
chr18	46763962	46764309	1040	348	299	623.099999	0	235.000000	46764104.5
chr18	51324878	51325153	631	276	216	306.049388	1	180.259168	51325006
chr18	55006122	55006398	758	277	228	430.679672	3	210.000000	55006259
chr18	55569054	55569363	706	310	249	336.334561	1	134.000000	55569248
chr18	56552367	56552633	736	267	221	422.885666	1	210.000000	56552512
chr18	56767523	56767779	549	257	197	251.777917	0	175.000000	56767660.5
chr18	66164843	66165117	840	275	233	516.364530	1	180.000000	66164974
chr18	68458808	68459049	595	242	195	317.505046	0	151.000000	68458927.5
chr18	84769990	84770314	932	325	276	542.607432	1	196.000000	84770172
chr18	85079355	85079652	733	298	247	383.172239	0	153.000000	85079468
chr19	3333291	3333595	684	305	241	323.651103	0	151.000000	3333423
chr19	3562724	3562958	629	235	198	357.970208	1	157.000000	3562785
chr19	11130296	11130550	554	255	199	257.982511	1	197.000000	11130400
chr19	12070642	12070899	567	258	183	265.390300	4	147.000000	12070791
chr19	12519529	12519867	1038	339	288	634.237716	1	290.000000	12519676
chr19	14694180	14694427	556	248	199	265.132531	2	126.000000	14694327
chr19	15979193	15979522	585	330	250	192.977148	1	122.000000	15979318
chr19	20626876	20627186	794	311	256	425.760251	0	190.000000	20627013
chr19	23102766	23103039	636	274	210	316.309956	1	150.000000	23102936
chr19	25020108	25020370	605	263	216	299.887065	0	148.000000	25020218
chr19	30181902	30182233	900	332	276	495.919775	3	315.000000	30182057
chr19	31945878	31946146	611	269	212	296.570524	1	166.000000	31946003.5
chr19	34516661	34516944	595	284	220	251.787421	4	155.259168	34516808
chr19	37517284	37517653	952	370	307	500.574664	3	201.000000	37517518
chr19	37777081	37777418	799	338	278	387.028923	3	143.000000	37777227
chr19	38316846	38317124	622	279	217	295.844794	0	171.000000	38316979
chr19	41492599	41492885	824	287	237	484.582826	1	210.000000	41492690
chr19	44096068	44096402	957	335	280	562.346864	1	235.000000	44096244
chr19	46975884	46976201	811	318	254	428.072594	2	210.000000	46976039
chr19	47294778	47295031	644	254	212	342.390300	4	139.259168	47294927
chr19	55206263	55206509	581	247	201	296.929337	0	130.000000	55206408
chr19	55213797	55214085	787	289	241	447.788820	1	194.000000	55213914
chr19	55332140	55332510	828	371	294	379.426044	1	178.000000	55332389.5
chr19	56352502	56352786	545	285	211	210.953942	0	117.000000	56352641
chr19	57441690	57441962	726	273	222	406.625098	1	175.259168	57441849
chr19	58091597	58091833	565	237	195	288.599093	2	176.000000	58091717
chr19	59146016	59146278	813	263	223	505.146234	1	184.000000	59146161
chr19	60657485	60657720	588	236	192	318.395898	0	205.000000	60657562.5
chr19	60871212	60871545	854	334	269	469.226813	0	202.000000	60871324
chr2	3590013	3590243	545	231	179	279.120228	2	161.259168	3590107
chr2	5977596	5977856	649	261	214	346.517349	0	137.000000	5977794.5
chr2	7188871	7189138	585	268	199	287.983911	1	138.000000	7189020
chr2	10047882	10048135	598	254	198	291.019184	5	138.000000	10048065.5
chr2	10058973	10059242	627	270	211	321.721943	1	157.000000	10059147
chr2	15068604	15068893	669	290	227	325.637401	1	149.000000	15068692.5
chr2	30055626	30055870	606	245	198	319.077957	2	158.000000	30055714
chr2	32274046	32274308	585	263	200	280.981112	2	135.000000	32274170
chr2	32556920	32557190	631	271	219	316.681072	0	148.000000	32557100
chr2	34683591	34683884	894	294	254	545.376833	1	257.000000	34683693
chr2	44776109	44776414	749	306	245	396.431407	1	158.000000	44776216
chr2	52360329	52360643	917	315	272	540.758852	1	213.000000	52360505
chr2	52457752	52458129	1206	378	319	761.150374	4	256.000000	52457935
chr2	54410738	54411018	767	281	228	440.105362	0	252.000000	54410857
chr2	60635472	60635757	620	286	226	281.897968	1	160.000000	60635602.5
chr2	63908131	63908673	1107	543	436	428.165653	2	162.000000	63908549
chr2	68634113	68634439	1007	327	276	614.977148	1	230.000000	68634299
chr2	72885112	72885360	642	249	201	349.817389	2	192.259168	72885241.5
chr2	75481231	75481524	665	294	241	314.840595	3	149.259168	75481346
chr2	79878185	79878440	576	256	203	277.352227	1	156.259168	79878335
chr2	103334003	103334284	659	282	227	328.899368	0	147.000000	103334121
chr2	104374877	104375162	627	286	206	288.897968	1	161.000000	104375008
chr2	105268313	105268632	1167	320	281	781.442310	2	567.000000	105268461.5
chr2	106493456	106493770	884	315	261	507.758852	1	214.000000	106493605
chr2	109302517	109302707	606	191	155	397.207570	0	231.000000	109302654.5
chr2	113915768	113916017	554	250	198	260.502247	2	130.259168	113915878
chr2	114600096	114600351	674	256	207	378.093059	0	185.000000	114600211
chr2	126426302	126426569	779	268	226	461.829692	2	192.000000	126426412
chr2	126521067	126521331	667	265	222	353.775118	2	184.259168	126521191.5
chr2	130758630	130758941	733	312	241	360.483182	3	143.518336	130758741
chr2	132421512	132421818	564	307	231	198.279987	1	110.000000	132421779
chr2	133587284	133587579	749	296	240	411.008516	0	176.000000	133587402
chr2	143835261	143835518	606	258	201	304.721943	1	187.000000	143835390
chr2	151765848	151766102	613	255	200	304.704042	5	143.000000	151765970.5
chr2	169222564	169222833	623	270	212	297.717745	4	150.518336	169222744
chr2	172949698	172950150	681	453	309	123.269261	1	88.000000	172950012.5
chr2	178397100	178397388	672	289	219	331.885666	1	147.000000	178397214
chr2	180435884	180436157	555	274	209	240.570524	1	119.000000	180436000
chr3	10247194	10247487	721	294	233	372.376833	1	169.000000	10247369
chr3	14699634	14699894	704	261	209	409.558221	1	199.000000	14699760
chr3	14755692	14756092	1059	401	333	576.232353	1	179.000000	14755773
chr3	14783228	14783513	802	286	234	465.213110	1	195.000000	14783357
chr3	19347796	19348117	1129	322	284	746.293690	0	299.000000	19347948
chr3	19853890	19854230	705	341	269	294.565161	1	132.000000	19854171
chr3	25046208	25046508	610	301	230	256.116265	1	118.000000	25046323
chr3	27169086	27169339	534	254	201	240.723343	0	151.000000	27169210
chr3	27589080	27589354	670	275	217	350.309956	1	206.000000	27589222
chr3	38027369	38027746	979	378	306	519.904908	1	218.000000	38027605
chr3	40799142	40799420	619	279	219	292.844794	0	137.000000	40799364
chr3	54042883	54043130	531	248	189	245.614195	0	142.000000	54042980.5
chr3	58038782	58039029	571	248	193	282.873363	1	142.259168	58038905.5
chr3	58312222	58312521	920	300	249	567.210311	3	288.518336	58312362
chr3	59971596	59971856	683	261	214	382.093059	0	181.000000	59971746
chr3	60311954	60312258	846	305	258	481.484581	2	209.259168	60312114
chr3	65385428	65385673	659	246	203	376.244479	0	156.000000	65385560
chr3	65761050	65761322	704	273	220	382.994814	1	173.000000	65761142
chr3	80088626	80088900	636	275	217	312.364530	1	156.000000	80088757
chr3	82842855	82843184	905	330	262	535.690575	2	232.000000	82843032
chr3	83663604	83663907	919	304	257	551.743750	3	264.000000	83663755
chr3	85375288	85375538	603	251	194	308.187105	2	196.000000	85375407
chr3	85623368	85623621	576	254	202	277.241679	2	139.259168	85623488
chr3	93273602	93273934	1120	333	291	720.086296	1	422.000000	93273767
chr3	94142489	94142777	625	289	227	297.529652	0	155.000000	94142668.5
chr3	95086250	95086509	566	260	190	268.667369	1	127.000000	95086399
chr3	97419947	97420183	566	237	185	295.080756	0	149.000000	97420014
chr3	97802321	97802595	566	275	218	245.105362	0	130.000000	97802480
chr3	100005625	100005882	552	258	197	253.462775	0	174.000000	100005747
chr3	101323547	101323806	565	260	188	278.077957	2	138.000000	101323695.5
chr3	107916865	107917127	715	263	209	411.202207	0	187.000000	107916989
chr3	114273978	114274239	592	262	204	289.517349	0	169.000000	114274130
chr3	115344415	115344662	588	248	193	299.762815	2	157.000000	115344545.5
chr3	116440371	116440654	650	284	219	318.584226	0	170.000000	116440549
chr3	116502255	116502507	566	253	201	274.038485	0	172.000000	116502379
chr3	116653583	116653988	730	406	313	234.080933	1	105.000000	116653646
chr3	121383202	121383449	569	248	193	280.873363	1	118.000000	121383346.5
chr3	137890084	137890374	596	291	223	251.322259	1	173.000000	137890187
chr3	142283156	142283475	1028	320	268	647.923974	0	376.000000	142283296
chr3	142374412	142374692	685	281	218	354.678272	2	197.000000	142374560
chr3	145627065	145627371	815	307	244	453.114865	2	184.000000	145627187
chr3	149597881	149598154	680	274	220	358.884266	2	141.000000	149598029.5
chr3	157640100	157640360	652	261	207	350.721943	1	168.000000	157640199
chr3	157725090	157725461	1209	372	319	744.091601	6	261.259168	157725249
chr4	8236374	8236703	1104	330	282	713.181742	2	263.259168	8236533
chr4	9037542	9037819	629	278	221	305.475078	0	135.000000	9037658
chr4	11029895	11030180	712	286	230	380.473678	1	191.000000	11030023
chr4	15066294	15066564	775	271	223	456.625098	1	223.259168	15066433
chr4	25381933	25382210	631	278	223	303.419104	1	178.000000	25382090
chr4	32656992	32657281	665	290	227	317.786021	3	200.000000	32657152
chr4	35036628	35036897	545	270	201	255.668769	0	116.000000	35036795.5
chr4	35044186	35044446	564	261	199	260.352227	1	134.000000	35044386
chr4	35252515	35252759	707	245	202	425.559621	0	186.000000	35252630
chr4	40103168	40103469	980	302	265	623.596529	0	269.000000	40103321
chr4	40152617	40152881	715	265	210	404.515950	1	217.000000	40152767
chr4	40672659	40672937	724	279	231	395.103962	1	190.000000	40672791
chr4	41315316	41315584	614	269	209	298.255382	1	154.000000	41315438
chr4	44992757	44992992	537	236	186	261.914235	2	119.000000	44992867
chr4	45426530	45426843	1026	314	272	645.592330	3	285.000000	45426686
chr4	48327806	48328054	598	249	195	303.076557	3	201.259168	48327931
chr4	48345393	48345648	636	256	201	335.926537	2	173.259168	48345519
chr4	49498347	49498639	826	293	237	481.432806	0	216.000000	49498502
chr4	53843545	53843817	850	273	232	532.940240	1	213.000000	53843670
chr4	55972962	55973256	961	295	254	610.951143	2	232.000000	55973082
chr4	58947966	58948213	572	248	189	281.132531	2	147.259168	58948082
chr4	59452896	59453194	700	299	238	343.375433	2	167.259168	59453000
chr4	61749071	61749348	718	278	224	393.159936	0	218.000000	61749215
chr4	61819508	61819763	545	256	196	243.611395	2	138.259168	61819670
chr4	62178008	62178286	731	279	217	416.776517	1	191.000000	62178143
chr4	63005345	63005657	953	313	268	579.389136	1	340.000000	63005480
chr4	65592030	65592295	636	266	210	326.941639	0	169.000000	65592179
chr4	71859865	71860095	546	231	179	280.230776	1	147.000000	71860018
chr4	84077614	84077838	547	225	175	291.862460	0	141.000000	84077764
chr4	86336180	86336447	814	268	223	492.552623	5	242.000000	86336315
chr4	87313426	87313710	533	285	213	196.213110	1	108.259168	87313519
chr4	88183358	88183616	791	259	214	488.296254	2	221.000000	88183479
chr4	88555844	88556122	648	279	226	325.681072	0	185.000000	88555985.5
chr4	88658666	88658952	605	287	222	280.159936	0	131.000000	88658823
chr4	96668098	96668325	564	228	177	304.917034	0	157.000000	96668204
chr4	97481239	97481541	718	303	244	357.540555	1	135.000000	97481418.5
chr4	97770920	97771186	656	267	216	331.922339	5	168.259168	97771038
chr4	103058901	103059242	1176	342	297	765.565161	1	238.000000	103059069
chr4	105132668	105132928	580	261	207	274.776517	1	183.000000	105132817
chr4	105868217	105868711	982	495	399	375.719556	0	125.000000	105868573
chr4	114643362	114643662	590	301	226	238.857097	0	135.000000	114643513
chr4	116793003	116793280	726	278	226	401.159936	0	168.000000	116793173
chr4	135673041	135673304	605	264	208	284.867765	5	182.259168	135673171
chr4	144809219	144809509	757	291	234	412.322259	1	160.000000	144809319
chr4	147994887	147995122	586	236	180	310.914235	2	187.000000	147995023
chr4	150059096	150059546	1055	451	380	494.417882	3	137.000000	150059402
chr5	3691339	3691649	831	311	256	457.278588	2	248.000000	3691511
chr5	9034511	9034798	545	288	214	208.323658	0	106.000000	9034635
chr5	17505907	17506153	551	247	190	272.121628	1	130.000000	17506044
chr5	20562569	20562880	589	312	235	208.481782	4	128.000000	20562750
chr5	32440914	32441177	649	264	213	337.090260	2	177.000000	32441052
chr5	36910826	36911072	539	247	196	252.188505	1	128.000000	36910989
chr5	38351521	38351764	532	244	190	249.133931	1	133.000000	38351683.5
chr5	52538464	52538721	569	258	205	267.721943	1	150.259168	52538538.5
chr5	54328456	54328796	1217	341	296	805.028923	3	370.000000	54328607
chr5	65748221	65748537	891	317	270	506.646904	3	198.000000	65748364.5
chr5	66497215	66497489	728	275	230	402.938840	2	226.000000	66497345
chr5	66505497	66505760	663	264	214	353.831092	1	171.000000	66505597.5
chr5	73224185	73224495	977	311	262	608.760251	0	265.000000	73224325.5
chr5	87456386	87456742	1034	357	301	599.782058	2	193.259168	87456632
chr5	87804932	87805204	554	273	211	227.513150	3	117.000000	87805076
chr5	89888641	89888921	913	281	239	581.473678	1	294.000000	89888777
chr5	90706523	90706783	742	261	219	436.776517	1	174.000000	90706629
chr5	90989902	90990159	562	258	203	260.721943	1	124.000000	90990032
chr5	91118805	91119115	819	311	260	451.964845	1	212.000000	91118947
chr5	91465655	91465990	862	336	272	469.977148	1	203.000000	91465799
chr5	92915823	92916082	536	260	207	232.091659	1	105.259168	92915975
chr5	92953832	92954091	624	260	208	324.147633	0	142.000000	92953946
chr5	96432386	96432674	828	289	245	488.693374	0	168.000000	96432576
chr5	96735355	96735632	869	278	230	550.735646	0	205.000000	96735483
chr5	99712714	99712994	717	281	233	385.473678	1	153.000000	99712836
chr5	100423285	100423533	640	249	206	345.076557	3	164.259168	100423361.5
chr5	101289688	101289971	724	284	234	384.457177	6	154.000000	101289832
chr5	103000535	103000759	546	225	171	288.121628	1	163.000000	103000643
chr5	104267700	104267943	541	244	187	247.170604	5	130.000000	104267807
chr5	111032061	111032350	815	290	241	464.730047	4	247.259168	111032195
chr5	122997467	122997725	792	259	222	492.147633	0	190.000000	122997579
chr5	123112571	123112872	737	302	245	380.485981	1	177.000000	123112700
chr5	123450981	123451231	638	251	204	345.927937	1	142.000000	123451071
chr5	123673188	123673454	700	267	216	384.144834	2	179.000000	123673303
chr5	125933033	125933290	709	258	210	402.240280	3	194.000000	125933176
chr5	125955894	125956113	568	220	174	321.068453	0	156.000000	125956030
chr5	127011662	127011925	639	264	208	332.571923	0	178.000000	127011800
chr5	130209266	130209513	657	248	199	368.762815	2	190.000000	130209385
chr5	135484711	135485002	655	292	223	306.266285	2	166.000000	135484886
chr5	135576938	135577157	535	220	173	286.438170	0	181.000000	135576994
chr5	136689689	136689916	540	228	183	282.232176	0	132.000000	136689736
chr5	138517546	138517823	568	278	210	240.419104	1	152.000000	138517674
chr5	140681974	140682277	750	304	249	385.374034	3	177.000000	140682156
chr5	144995660	144995890	634	231	192	368.230776	1	168.000000	144995764
chr5	146716187	146716447	642	261	209	331.294854	3	129.000000	146716287
chr5	147060355	147060633	692	279	217	363.103962	1	214.000000	147060491
chr5	148723394	148723653	653	260	203	350.185706	3	199.000000	148723486
chr5	151386301	151386594	708	294	233	359.376833	1	204.000000	151386478.5
chr5	152208936	152209173	602	238	195	327.024783	1	138.259168	152208993
chr6	17435836	17436106	576	271	208	257.625098	1	127.000000	17435964
chr6	17518696	17518963	683	268	214	369.885666	1	245.000000	17518812
chr6	27982052	27982319	543	268	207	220.348028	4	116.259168	27982200
chr6	28078894	28079183	658	290	226	311.896569	2	171.000000	28079046
chr6	32117760	32118010	568	251	207	270.446274	3	154.259168	32117866
chr6	35450061	35450362	936	302	260	568.633202	4	238.000000	35450237.5
chr6	36125122	36125428	801	307	250	424.798324	5	209.000000	36125225
chr6	48775082	48775336	609	255	210	308.926537	2	152.000000	48775209
chr6	49299931	49300248	974	318	268	588.837796	5	255.000000	49300065
chr6	49992151	49992382	556	232	185	294.601892	0	123.000000	49992219
chr6	50142215	50142497	589	283	214	273.365930	0	137.000000	50142367.5
chr6	53473918	53474162	541	245	187	251.337125	3	139.259168	53474025
chr6	53945631	53945916	803	286	232	462.157137	2	186.259168	53945716
chr6	53946655	53946903	654	249	207	364.558221	1	161.000000	53946755
chr6	59401324	59401645	919	322	273	530.812026	2	221.000000	59401508
chr6	59663049	59663324	876	276	232	560.365930	0	215.000000	59663176
chr6	63038287	63038539	611	253	204	319.038485	0	127.000000	63038500.5
chr6	72759812	72760105	633	294	233	276.636001	4	152.000000	72759925.5
chr6	82598009	82598294	665	286	222	326.787421	2	150.000000	82598177
chr6	87139858	87140102	533	245	184	248.818789	1	169.259168	87139995
chr6	87942883	87943120	664	238	192	389.024783	1	203.000000	87943011
chr6	90416102	90416353	638	252	207	347.353627	0	170.000000	90416245
chr6	95461752	95462046	637	295	220	296.157137	2	142.000000	95461909
chr6	99202853	99203086	546	234	191	273.544519	2	165.259168	99202980
chr6	108786232	108786531	830	300	251	473.485981	1	193.000000	108786342
chr6	113844028	113844300	753	273	225	434.735646	0	215.000000	113844176
chr6	115616673	115616998	926	326	274	538.033122	0	195.000000	115616801
chr6	116215623	116215955	1010	333	283	607.345465	2	244.259168	116215829
chr6	120307434	120307690	623	257	207	323.037085	1	171.259168	120307552
chr6	121220251	121220536	748	286	223	416.252583	3	195.259168	121220400
chr6	125361111	125361355	649	245	200	364.818789	1	255.000000	125361222
chr6	134650893	134651167	609	275	213	289.088860	3	126.259168	134650997.5
chr6	138024282	138024561	654	280	221	323.788820	1	135.000000	138024400
chr6	138088462	138088804	985	343	286	574.675708	0	194.000000	138088685
chr6	138404321	138404576	567	256	196	265.611395	2	158.000000	138404454
chr6	140609750	140609996	597	247	200	312.929337	0	162.000000	140609887
chr6	141562648	141562911	650	264	215	335.349428	3	165.259168	141562781
chr6	141814518	141814778	576	261	209	273.517349	0	138.000000	141814647.5
chr7	14574981	14575231	547	251	183	267.968809	2	142.000000	14575126
chr7	17090300	17090552	572	253	200	280.038485	0	164.000000	17090423
chr7	25337420	25337669	602	250	197	311.243079	1	162.000000	25337541
chr7	26804910	26805212	797	303	251	435.320859	2	166.000000	26805094
chr7	26840227	26840553	1036	327	276	635.754653	4	306.000000	26840382.5
chr7	26924610	26924922	820	313	258	450.113466	3	180.000000	26924786
chr7	26954119	26954442	1010	324	273	621.922574	1	345.000000	26954287
chr7	30386455	30386730	599	276	219	274.049388	1	135.259168	30386532
chr7	47233580	47233848	538	269	203	239.352227	1	141.000000	47233683
chr7	53974986	53975375	906	390	336	433.864036	0	135.000000	53975160
chr7	54001177	54001527	654	351	245	277.537756	4	141.000000	54001319
chr7	86903119	86903424	685	306	247	323.335961	0	133.000000	86903269
chr7	88377584	88377848	674	265	216	355.293454	4	174.000000	88377700
chr7	90782423	90782695	656	273	218	334.199408	2	188.000000	90782554
chr7	91302357	91302670	678	314	247	303.073994	1	142.000000	91302582
chr7	91753110	91753373	668	264	220	358.831092	1	179.000000	91753226
chr7	95459340	95459619	620	280	215	289.788820	1	143.259168	95459504
chr7	108503098	108503349	545	252	192	248.871963	2	153.000000	108503230
chr7	117991983	117992216	530	234	189	260.285350	1	143.000000	117992117
chr7	118167775	118168022	570	248	191	280.447673	2	254.000000	118167903
chr7	120587130	120587364	537	235	187	265.970208	1	149.000000	120587205
chr7	122876378	122876669	707	292	231	364.952543	1	181.000000	122876534
chr7	125842488	125842754	627	267	203	325.832491	0	202.000000	125842618
chr7	127023901	127024177	598	277	224	268.993414	2	113.000000	127024020
chr7	129801290	129801565	556	276	209	256.037085	1	126.000000	129801405.5
chr7	133832583	133832922	924	340	280	517.510587	1	206.259168	133832784
chr7	134417982	134418250	831	269	227	512.514550	2	254.259168	134418110
chr7	134952408	134952665	650	258	211	351.462775	0	191.000000	134952544
chr7	142895943	142896254	933	312	265	563.445109	0	231.000000	142896132
chr7	147301552	147301792	613	241	189	332.543119	3	159.000000	147301654
chr8	10899698	10899956	682	259	214	379.406801	1	196.000000	10899796
chr8	11088999	11089255	589	257	193	295.723343	0	194.000000	11089110
chr8	12066487	12066760	702	274	217	382.420504	0	198.000000	12066649
chr8	12984068	12984358	666	291	229	313.099763	4	168.518336	12984225
chr8	14850259	14850556	705	298	239	348.375433	2	145.000000	14850391
chr8	19853200	19853439	593	240	188	302.172003	6	331.259168	19853343
chr8	19980226	19980465	628	240	191	326.931607	11	329.259168	19980355
chr8	23372829	23373092	720	264	214	410.609996	3	174.000000	23372982
chr8	33209637	33209905	720	269	213	414.776517	1	199.000000	33209741
chr8	34966263	34966550	865	288	238	521.526853	2	230.000000	34966425
chr8	35080657	35080958	717	302	239	360.596529	0	143.000000	35080748
chr8	36601954	36602222	863	269	228	541.773718	3	211.259168	36602114
chr8	37785486	37785779	710	294	229	358.636001	2	170.000000	37785628
chr8	37883616	37883902	686	287	235	346.582826	1	169.000000	37883774
chr8	46339540	46339812	624	273	209	306.776517	1	171.000000	46339688
chr8	46350273	46350530	540	258	204	238.721943	1	138.000000	46350393
chr8	46682023	46682279	561	257	202	265.093059	0	116.000000	46682147
chr8	47461397	47461732	1107	336	281	718.129967	0	326.000000	47461603
chr8	47570304	47570606	818	303	244	460.281387	0	189.000000	47570425
chr8	56010400	56010679	811	280	232	483.529652	0	207.000000	56010516
chr8	67240333	67240582	622	250	200	335.077957	2	231.259168	67240456
chr8	70605728	70606041	685	314	252	304.592330	3	138.000000	70605874
chr8	71614935	71615272	1185	338	297	783.881702	0	354.000000	71615124
chr8	74670026	74670273	547	248	191	262.929337	0	147.000000	74670145
chr8	91803814	91804129	885	316	264	517.116265	1	189.000000	91803999
chr8	93926914	93927219	585	306	230	222.007117	1	109.000000	93927182
chr8	94238659	94238915	574	257	197	272.611395	2	140.000000	94238788
chr8	95758008	95758267	554	260	201	250.091659	1	128.000000	95758171
chr8	96498769	96499030	547	262	204	240.461375	1	156.259168	96498896
chr8	112103034	112103258	533	225	168	275.121628	1	182.000000	112103150
chr8	116618477	116618770	670	294	229	318.636001	2	162.000000	116618622.5
chr8	116629961	116630226	635	266	216	325.941639	0	164.000000	116630094
chr8	116641432	116641710	752	279	225	425.844794	0	215.000000	116641575
chr8	120242471	120242730	529	260	200	227.832491	0	135.000000	120242610.5
chr8	122767162	122767434	551	273	203	229.994814	1	163.259168	122767303
chr8	124219479	124219740	723	262	214	416.350828	2	199.259168	124219612
chr8	129244491	129244763	761	273	230	437.253982	2	171.000000	129244655
chr8	129331296	129331609	948	314	264	571.648304	2	213.259168	129331489
chr8	131008605	131008871	678	267	220	364.885666	1	173.259168	131008734
chr9	9097929	9098182	562	254	201	265.982511	1	142.000000	9098065
chr9	9222190	9222429	590	240	190	317.765614	0	197.000000	9222291
chr9	14019886	14020148	675	263	213	369.776517	1	161.000000	14020064
chr9	14202637	14202907	562	271	202	263.462775	0	159.000000	14202749
chr9	21568786	21569040	577	255	203	283.723343	0	171.000000	21568888
chr9	23188308	23188565	663	258	203	370.668769	0	198.000000	23188423
chr9	24317825	24318079	601	255	202	295.444874	4	162.000000	24317952
chr9	42612193	42612457	653	265	210	342.515950	1	158.000000	42612344
chr9	43403646	43403909	573	264	213	263.831092	1	134.000000	43403791
chr9	48414318	48414655	957	338	281	553.140870	1	213.000000	48414438
chr9	50606542	50606835	981	294	253	632.376833	1	250.000000	50606669
chr9	50643173	50643420	563	248	198	272.132531	2	143.000000	50643287
chr9	54708421	54708693	761	273	228	442.735646	0	163.000000	54708525
chr9	64644110	64644338	537	229	189	273.861060	1	128.000000	64644206
chr9	66545548	66545804	552	257	204	249.296254	2	127.259168	66545666
chr9	67692822	67693068	571	247	186	287.600492	1	179.000000	67692988.5
chr9	68891750	68892028	797	279	237	470.844794	0	193.000000	68891896
chr9	69077750	69078017	643	268	214	329.885666	1	152.259168	69077922.5
chr9	74376474	74376717	563	244	185	288.135330	0	131.000000	74376623
chr9	74641219	74641572	903	354	299	475.468315	1	167.000000	74641385
chr9	74768328	74768624	787	297	246	441.117665	0	189.000000	74768456
chr9	78359619	78359884	536	266	197	226.941639	0	143.000000	78359722.5
chr9	78381162	78381407	536	246	193	245.021983	3	179.518336	78381280
chr9	84973499	84973767	591	269	204	275.255382	1	161.259168	84973654
chr9	86249522	86249761	649	240	191	372.709641	1	229.000000	86249632
chr9	86541672	86541931	548	260	201	246.832491	0	144.000000	86541792
chr9	89159487	89159713	544	227	181	283.491344	1	130.000000	89159649
chr9	90192564	90192799	529	236	187	259.395898	0	150.000000	90192680
chr9	90198324	90198637	1071	314	266	700.019419	1	273.000000	90198455
chr9	94356635	94356925	539	291	221	191.581427	2	118.000000	94356785
chr9	94379461	94379726	555	266	205	245.941639	0	144.000000	94379605
chr9	95458205	95458476	759	272	231	439.309956	1	203.259168	95458342
chr9	102099288	102099540	535	253	184	240.297653	1	126.000000	102099420
chr9	102638341	102638658	601	318	241	232.760251	0	96.000000	102638453
chr9	104134330	104134620	687	291	229	345.063090	0	171.000000	104134440
chr9	110744114	110744350	592	237	190	318.339924	1	162.000000	110744213
chr9	111232407	111232674	732	268	217	420.311355	0	208.000000	111232524
chr9	121291804	121292050	617	247	196	330.188505	1	182.000000	121291917.5
chr9	122024674	122024994	863	321	273	480.183142	1	241.000000	122024837
chrX	57714746	57714993	595	248	199	309.614195	0	166.000000	57714848
